213
117
240
15
243
255
84
102
24
156
150
252
57
36
183
6
204
99
15
33
66
234
207
159
255
138
210
30
159
15
99
222
264
111
297
168
222
42
264
111
249
219
48
240
195
123
54
123
123
102
198
36
57
99
273
126
51
300
15
162
291
198
120
72
207
252
75
186
252
132
201
177
258
132
204
135
30
12
255
45
186
192
105
189
102
228
102
270
264
69
267
75
75
201
114
165
261
90
87
189
147
171
288
243
120
201
150
258
246
150
120
252
270
186
147
123
204
57
282
66
117
207
129
12
270
78
51
300
132
219
18
228
216
102
156
282
306
249
210
18
276
174
258
6
60
234
195
240
147
105
174
204
57
57
153
207
33
291
132
15
78
162
225
186
6
60
168
30
150
99
297
117
297
120
300
240
9
126
135
6
189
297
177
255
42
141
192
297
189
225
285
72
51
99
132
189
153
45
78
81
189
288
42
45
156
48
72
66
273
204
138
12
267
264
222
69
297
303
282
147
204
210
120
78
234
138
63
225
93
78
273
243
234
57
60
174
51
234
90
129
255
198
60
78
69
120
165
81
114
15
282
165
288
117
6
159
111
300
276
51
189
108
42
165
291
303
183
219
39
186
33
96
21
219
246
177
243
84
231
6
57
48
189
243
297
102
12
216
303
33
138
75
201
174
129
282
306
300
189
246
177
162
30
78
285
30
72
15
237
243
6
33
45
126
246
72
114
15
234
177
270
141
273
210
153
78
21
213
207
9
249
246
48
243
171
117
111
48
156
72
108
30
48
258
153
168
261
54
204
222
144
141
162
33
21
243
240
75
189
6
147
66
183
255
135
300
156
258
75
204
270
282
72
201
147
255
93
132
102
12
12
255
261
39
60
12
198
126
243
273
192
246
99
300
240
54
63
240
63
90
33
249
273
48
129
210
18
297
294
90
24
207
18
132
204
165
42
198
90
102
69
300
111
45
132
75
12
84
138
195
276
75
306
24
93
90
240
243
63
270
87
147
219
285
234
81
261
132
276
267
222
201
225
216
33
99
189
84
234
117
159
225
195
129
255
279
15
51
183
18
99
276
192
186
192
240
66
225
294
225
123
42
189
249
285
165
72
57
72
39
6
267
117
168
156
99
210
264
87
27
300
60
207
18
51
186
66
177
45
12
243
126
243
102
147
69
270
168
36
66
171
105
153
120
114
177
135
144
57
261
36
120
306
165
96
54
267
24
255
48
168
126
252
150
135
306
75
177
264
159
219
249
252
45
162
168
192
30
156
159
300
270
195
108
165
141
288
153
90
297
123
126
51
45
207
153
303
264
171
291
9
9
216
192
33
201
171
75
21
288
159
84
51
27
138
273
69
195
135
207
234
258
132
171
15
153
129
186
270
186
168
36
57
60
240
36
252
288
21
285
246
33
90
87
228
285
42
9
171
195
282
300
132
216
258
90
36
135
198
255
288
42
303
147
306
150
90
201
174
81
90
90
150
138
141
105
42
48
27
156
42
252
42
273
207
111
303
162
27
165
30
123
15
30
174
222
261
180
213
240
114
15
189
36
255
54
120
219
6
15
255
291
114
177
270
33
291
306
252
39
84
264
60
48
240
231
306
195
123
144
102
243
168
48
261
168
225
300
180
294
192
57
168
159
123
39
81
216
192
105
276
129
150
99
117
237
132
12
84
279
114
237
21
6
162
147
63
126
183
42
273
258
102
246
255
108
201
258
66
144
33
279
75
75
246
279
261
150
264
129
243
249
117
138
105
36
237
6
87
177
255
270
249
90
102
12
132
246
108
186
102
237
297
246
12
12
48
195
150
216
63
228
66
54
207
231
213
24
108
66
294
165
189
15
141
21
177
48
111
27
78
291
108
300
48
180
198
294
21
165
174
9
135
246
174
36
129
222
306
54
72
39
42
81
51
15
81
240
108
15
234
258
90
30
39
252
93
120
18
153
177
246
198
300
195
141
177
207
297
96
186
18
162
57
135
285
105
174
42
78
120
78
45
42
297
264
69
81
198
237
270
189
57
96
165
303
153
156
210
12
225
204
183
267
72
165
18
303
132
273
225
39
162
264
57
21
123
297
249
183
246
279
48
303
228
270
159
21
27
201
219
72
228
246
306
63
243
69
123
285
267
294
111
63
9
135
252
12
276
219
57
135
78
30
228
147
273
93
174
294
258
210
228
270
84
150
306
69
186
138
252
120
219
114
15
6
273
135
264
189
252
45
126
123
45
90
96
261
159
42
132
291
207
156
261
108
168
153
261
195
