69
37
78
3
79
83
26
32
6
50
48
82
17
10
59
0
66
31
3
9
20
76
67
51
83
44
68
8
51
3
31
72
86
35
97
54
72
12
86
35
81
71
14
78
63
39
16
39
39
32
64
10
17
31
89
40
15
98
3
52
95
64
38
22
67
82
23
60
82
42
65
57
84
42
66
43
8
2
83
13
60
62
33
61
32
74
32
88
86
21
87
23
23
65
36
53
85
28
27
61
47
55
94
79
38
65
48
84
80
48
38
82
88
60
47
39
66
17
92
20
37
67
41
2
88
24
15
98
42
71
4
74
70
32
50
92
100
81
68
4
90
56
84
0
18
76
63
78
47
33
56
66
17
17
49
67
9
95
42
3
24
52
73
60
0
18
54
8
48
31
97
37
97
38
98
78
1
40
43
0
61
97
57
83
12
45
62
97
61
73
93
22
15
31
42
61
49
13
24
25
61
94
12
13
50
14
22
20
89
66
44
2
87
86
72
21
97
99
92
47
66
68
38
24
76
44
19
73
29
24
89
79
76
17
18
56
15
76
28
41
83
64
18
24
21
38
53
25
36
3
92
53
94
37
0
51
35
98
90
15
61
34
12
53
95
99
59
71
11
60
9
30
5
71
80
57
79
26
75
0
17
14
61
79
97
32
2
70
99
9
44
23
65
56
41
92
100
98
61
80
57
52
8
24
93
8
22
3
77
79
0
9
13
40
80
22
36
3
76
57
88
45
89
68
49
24
5
69
67
1
81
80
14
79
55
37
35
14
50
22
34
8
14
84
49
54
85
16
66
72
46
45
52
9
5
79
78
23
61
0
47
20
59
83
43
98
50
84
23
66
88
92
22
65
47
83
29
42
32
2
2
83
85
11
18
2
64
40
79
89
62
80
31
98
78
16
19
78
19
28
9
81
89
14
41
68
4
97
96
28
6
67
4
42
66
53
12
64
28
32
21
98
35
13
42
23
2
26
44
63
90
23
100
6
29
28
78
79
19
88
27
47
71
93
76
25
85
42
90
87
72
65
73
70
9
31
61
26
76
37
51
73
63
41
83
91
3
15
59
4
31
90
62
60
62
78
20
73
96
73
39
12
61
81
93
53
22
17
22
11
0
87
37
54
50
31
68
86
27
7
98
18
67
4
15
60
20
57
13
2
79
40
79
32
47
21
88
54
10
20
55
33
49
38
36
57
43
46
17
85
10
38
100
53
30
16
87
6
83
14
54
40
82
48
43
100
23
57
86
51
71
81
82
13
52
54
62
8
50
51
98
88
63
34
53
45
94
49
28
97
39
40
15
13
67
49
99
86
55
95
1
1
70
62
9
65
55
23
5
94
51
26
15
7
44
89
21
63
43
67
76
84
42
55
3
49
41
60
88
60
54
10
17
18
78
10
82
94
5
93
80
9
28
27
74
93
12
1
55
63
92
98
42
70
84
28
10
43
64
83
94
12
99
47
100
48
28
65
56
25
28
28
48
44
45
33
12
14
7
50
12
82
12
89
67
35
99
52
7
53
8
39
3
8
56
72
85
58
69
78
36
3
61
10
83
16
38
71
0
3
83
95
36
57
88
9
95
100
82
11
26
86
18
14
78
75
100
63
39
46
32
79
54
14
85
54
73
98
58
96
62
17
54
51
39
11
25
70
62
33
90
41
48
31
37
77
42
2
26
91
36
77
5
0
52
47
19
40
59
12
89
84
32
80
83
34
65
84
20
46
9
91
23
23
80
91
85
48
86
41
79
81
37
44
33
10
77
0
27
57
83
88
81
28
32
2
42
80
34
60
32
77
97
80
2
2
14
63
48
70
19
74
20
16
67
75
69
6
34
20
96
53
61
3
45
5
57
14
35
7
24
95
34
98
14
58
64
96
5
53
56
1
43
80
56
10
41
72
100
16
22
11
12
25
15
3
25
78
34
3
76
84
28
8
11
82
29
38
4
49
57
80
64
98
63
45
57
67
97
30
60
4
52
17
43
93
33
56
12
24
38
24
13
12
97
86
21
25
64
77
88
61
17
30
53
99
49
50
68
2
73
66
59
87
22
53
4
99
42
89
73
11
52
86
17
5
39
97
81
59
80
91
14
99
74
88
51
5
7
65
71
22
74
80
100
19
79
21
39
93
87
96
35
19
1
43
82
2
90
71
17
43
24
8
74
47
89
29
56
96
84
68
74
88
26
48
100
21
60
44
82
38
71
36
3
0
89
43
86
61
82
13
40
39
13
28
30
85
51
12
42
95
67
50
85
34
54
49
85
63
